  0.1191	  3.6003	 -0.0672	 -2.6477	  0.0000
  0.2435	  3.6003	 -0.0966	 -2.6824	  0.0000
  0.3678	  3.6003	 -0.1151	 -2.8174	  0.0000
  0.4921	  3.6003	 -0.3075	 -3.0636	  0.0000
  0.6165	  3.6003	 -0.3852	 -3.1221	  0.0000
  0.7408	  3.6003	 -0.2576	 -3.1973	  0.0000
  0.8651	  3.6003	 -0.1406	 -3.1983	  0.0000
  0.9894	  3.6003	 -0.0775	 -3.1792	  0.0000
  1.1138	  3.6003	 -0.1441	 -3.1592	  0.0000
  1.2381	  3.6003	 -0.1906	 -3.1214	  0.0000
  1.3624	  3.6003	  0.1044	 -3.0695	  1.0000
  1.4867	  3.6003	 -0.0652	 -2.9995	  0.0000
  1.6111	  3.6003	  0.1966	 -3.0184	  0.0000
  1.7354	  3.6003	  0.3219	 -3.1939	  0.0000
  1.8597	  3.6003	  0.1953	 -3.0477	  1.0000
  1.9840	  3.6003	  0.2135	 -3.0602	  1.0000
  2.1084	  3.6003	  0.4456	 -3.0692	  0.0000
  2.2327	  3.6003	  0.4684	 -3.0940	  0.0000
  2.3570	  3.6003	  0.6285	 -3.1058	  0.0000
  2.4814	  3.6003	  0.4615	 -2.9453	  0.0000
  2.6057	  3.6003	  0.1776	 -2.6188	  0.0000
  2.7300	  3.6003	  0.0898	 -2.5145	  0.0000
  2.8543	  3.6003	 -0.1351	 -2.7230	  1.0000
  2.9787	  3.6003	 -0.0276	 -3.2507	  0.0000
  3.1030	  3.6003	  0.0040	 -3.2313	  0.0000
  3.2273	  3.6003	  0.0851	 -3.1390	  0.0000
  3.3516	  3.6003	  0.0976	 -3.1644	  0.0000
  3.4760	  3.6003	 -0.0701	 -3.1422	  0.0000
  3.6003	  3.6003	 -0.1259	 -3.0624	  0.0000
  3.7246	  3.6003	 -0.1224	 -2.9044	  0.0000
  3.8489	  3.6003	 -0.1479	 -2.8872	  0.0000
  3.9733	  3.6003	 -0.0206	 -3.0109	  0.0000
  4.0976	  3.6003	 -0.0522	 -3.0709	  0.0000
  4.2219	  3.6003	 -0.2666	 -2.9046	  0.0000
  4.3462	  3.6003	 -0.1610	 -2.6899	  0.0000
  4.4706	  3.6003	 -0.0769	 -2.6590	  0.0000
  4.5949	  3.6003	 -0.0502	 -2.8869	  0.0000
  4.7192	  3.6003	  0.0815	 -3.1156	  0.0000
  4.8436	  3.6003	 -0.0852	 -3.0661	  0.0000
  4.9679	  3.6003	 -0.4633	 -2.8478	  0.0000
  5.0922	  3.6003	 -0.8000	 -2.5404	  0.0000
  0.1191	  3.4760	  0.0627	 -2.6931	  0.0000
  0.2435	  3.4760	 -0.0120	 -2.7562	  0.0000
  0.3678	  3.4760	 -0.2812	 -3.0031	  0.0000
  0.4921	  3.4760	 -0.1396	 -3.0861	  0.0000
  0.6165	  3.4760	 -0.0761	 -3.1761	  0.0000
  0.7408	  3.4760	 -0.1680	 -3.1897	  0.0000
  0.8651	  3.4760	 -0.0857	 -3.1756	  0.0000
  0.9894	  3.4760	 -0.0544	 -3.1576	  0.0000
  1.1138	  3.4760	 -0.0702	 -3.1792	  0.0000
  1.2381	  3.4760	 -0.0463	 -3.1650	  0.0000
  1.3624	  3.4760	  0.0777	 -3.0684	  1.0000
  1.4867	  3.4760	  0.1795	 -3.0522	  1.0000
  1.6111	  3.4760	  0.1535	 -2.9986	  0.0000
  1.7354	  3.4760	  0.1475	 -3.1167	  0.0000
  1.8597	  3.4760	  0.1510	 -3.1054	  0.0000
  1.9840	  3.4760	  0.2230	 -3.0617	  1.0000
  2.1084	  3.4760	  0.2516	 -2.9897	  0.0000
  2.2327	  3.4760	  0.3642	 -3.0708	  0.0000
  2.3570	  3.4760	  0.4381	 -3.1582	  0.0000
  2.4814	  3.4760	  0.1710	 -2.7908	  0.0000
  2.6057	  3.4760	 -0.0727	 -2.5198	  0.0000
  2.7300	  3.4760	 -0.1910	 -2.4914	  0.0000
  2.8543	  3.4760	 -0.1871	 -2.6760	  0.0000
  2.9787	  3.4760	 -0.0590	 -3.0361	  0.0000
  3.1030	  3.4760	 -0.1075	 -3.0443	  0.0000
  3.2273	  3.4760	 -0.1154	 -2.9915	  0.0000
  3.3516	  3.4760	  0.1000	 -3.1330	  0.0000
  3.4760	  3.4760	  0.0093	 -3.1650	  0.0000
  3.6003	  3.4760	 -0.0515	 -3.1038	  0.0000
  3.7246	  3.4760	 -0.1905	 -2.9653	  0.0000
  3.8489	  3.4760	 -0.2952	 -2.9589	  0.0000
  3.9733	  3.4760	 -0.2051	 -2.9760	  0.0000
  4.0976	  3.4760	 -0.0769	 -3.1200	  0.0000
  4.2219	  3.4760	 -0.1068	 -2.8989	  0.0000
  4.3462	  3.4760	 -0.1578	 -2.5898	  0.0000
  4.4706	  3.4760	 -0.1726	 -2.6462	  0.0000
  4.5949	  3.4760	  0.0268	 -3.0310	  0.0000
  4.7192	  3.4760	  0.1740	 -3.1649	  0.0000
  4.8436	  3.4760	  0.1345	 -3.1793	  0.0000
  4.9679	  3.4760	 -0.4776	 -2.9270	  0.0000
  5.0922	  3.4760	 -0.8539	 -2.5997	  0.0000
  0.1191	  3.3516	 -0.2533	 -2.8086	  1.0000
  0.2435	  3.3516	 -0.0186	 -2.8003	  0.0000
  0.3678	  3.3516	 -0.2942	 -2.9707	  0.0000
  0.4921	  3.3516	 -0.0728	 -3.0867	  0.0000
  0.6165	  3.3516	  0.0270	 -3.2024	  0.0000
  0.7408	  3.3516	 -0.0492	 -3.2203	  0.0000
  0.8651	  3.3516	 -0.0884	 -3.1501	  0.0000
  0.9894	  3.3516	 -0.0300	 -3.1029	  0.0000
  1.1138	  3.3516	 -0.0027	 -3.1208	  0.0000
  1.2381	  3.3516	  0.1788	 -3.1162	  0.0000
  1.3624	  3.3516	  0.2942	 -2.9874	  0.0000
  1.4867	  3.3516	  0.2442	 -2.9915	  0.0000
  1.6111	  3.3516	  0.1988	 -2.9327	  0.0000
  1.7354	  3.3516	  0.2085	 -2.9976	  0.0000
  1.8597	  3.3516	  0.2359	 -3.1119	  0.0000
  1.9840	  3.3516	  0.2011	 -3.2000	  0.0000
  2.1084	  3.3516	  0.1784	 -3.0849	  1.0000
  2.2327	  3.3516	  0.1713	 -3.0042	  1.0000
  2.3570	  3.3516	  0.0460	 -2.8567	  1.0000
  2.4814	  3.3516	  0.0100	 -2.7532	  0.0000
  2.6057	  3.3516	 -0.1995	 -2.4762	  0.0000
  2.7300	  3.3516	 -0.2875	 -2.4423	  0.0000
  2.8543	  3.3516	 -0.2628	 -2.5578	  0.0000
  2.9787	  3.3516	 -0.0526	 -2.8776	  0.0000
  3.1030	  3.3516	 -0.1108	 -2.8960	  0.0000
  3.2273	  3.3516	 -0.0588	 -2.8391	  0.0000
  3.3516	  3.3516	  0.1004	 -2.9206	  0.0000
  3.4760	  3.3516	  0.2120	 -3.0418	  0.0000
  3.6003	  3.3516	  0.1074	 -3.1561	  0.0000
  3.7246	  3.3516	 -0.0565	 -3.0951	  0.0000
  3.8489	  3.3516	 -0.1738	 -3.0258	  0.0000
  3.9733	  3.3516	 -0.2976	 -2.8388	  0.0000
  4.0976	  3.3516	 -0.2239	 -3.0293	  0.0000
  4.2219	  3.3516	 -0.1388	 -2.9564	  0.0000
  4.3462	  3.3516	 -0.1713	 -2.6601	  0.0000
  4.4706	  3.3516	 -0.1698	 -2.7049	  0.0000
  4.5949	  3.3516	 -0.0892	 -2.8364	  0.0000
  4.7192	  3.3516	  0.1361	 -3.1047	  0.0000
  4.8436	  3.3516	  0.0453	 -3.2173	  0.0000
  4.9679	  3.3516	 -0.1923	 -3.0408	  1.0000
  5.0922	  3.3516	 -0.1901	 -3.1242	  1.0000
  0.1191	  3.2273	 -0.2633	 -2.6616	  0.0000
  0.2435	  3.2273	 -0.3428	 -2.7997	  0.0000
  0.3678	  3.2273	 -0.3010	 -2.8280	  0.0000
  0.4921	  3.2273	 -0.2448	 -2.9919	  1.0000
  0.6165	  3.2273	 -0.0177	 -3.2145	  0.0000
  0.7408	  3.2273	 -0.0666	 -3.2575	  0.0000
  0.8651	  3.2273	 -0.1415	 -3.1470	  1.0000
  0.9894	  3.2273	  0.0103	 -3.1737	  0.0000
  1.1138	  3.2273	  0.0425	 -3.1880	  0.0000
  1.2381	  3.2273	  0.1888	 -3.1911	  0.0000
  1.3624	  3.2273	  0.2270	 -3.1424	  0.0000
  1.4867	  3.2273	  0.1449	 -3.0453	  0.0000
  1.6111	  3.2273	  0.1401	 -2.9362	  0.0000
  1.7354	  3.2273	  0.2856	 -2.9199	  0.0000
  1.8597	  3.2273	  0.3357	 -3.1072	  0.0000
  1.9840	  3.2273	  0.4136	 -3.2458	  0.0000
  2.1084	  3.2273	  0.0803	 -3.0478	  1.0000
  2.2327	  3.2273	 -0.2508	 -3.0624	  0.0000
  2.3570	  3.2273	 -0.2592	 -3.1490	  0.0000
  2.4814	  3.2273	 -0.1678	 -2.6453	  0.0000
  2.6057	  3.2273	 -0.2009	 -2.5659	  0.0000
  2.7300	  3.2273	 -0.3650	 -2.4699	  0.0000
  2.8543	  3.2273	 -0.4216	 -2.5570	  0.0000
  2.9787	  3.2273	 -0.2846	 -2.7542	  0.0000
  3.1030	  3.2273	 -0.1684	 -2.6865	  0.0000
  3.2273	  3.2273	 -0.0699	 -2.7585	  0.0000
  3.3516	  3.2273	 -0.1093	 -2.7880	  0.0000
  3.4760	  3.2273	 -0.1426	 -2.8628	  0.0000
  3.6003	  3.2273	  0.0623	 -3.1602	  0.0000
  3.7246	  3.2273	  0.0478	 -3.1147	  0.0000
  3.8489	  3.2273	 -0.0680	 -3.0294	  0.0000
  3.9733	  3.2273	 -0.1570	 -2.9455	  0.0000
  4.0976	  3.2273	 -0.2173	 -2.9227	  0.0000
  4.2219	  3.2273	 -0.1803	 -2.8148	  0.0000
  4.3462	  3.2273	 -0.2025	 -2.7003	  0.0000
  4.4706	  3.2273	 -0.2228	 -2.6883	  0.0000
  4.5949	  3.2273	 -0.1292	 -2.7424	  0.0000
  4.7192	  3.2273	 -0.1657	 -2.9724	  1.0000
  4.8436	  3.2273	 -0.1430	 -3.5181	  0.0000
  4.9679	  3.2273	 -0.1620	 -3.0161	  1.0000
  5.0922	  3.2273	 -0.1665	 -3.1918	  1.0000
  0.1191	  3.1030	 -0.4062	 -2.6035	  0.0000
  0.2435	  3.1030	 -0.4447	 -2.7241	  0.0000
  0.3678	  3.1030	 -0.4327	 -2.8582	  0.0000
  0.4921	  3.1030	 -0.4916	 -3.0353	  0.0000
  0.6165	  3.1030	 -0.5633	 -3.1214	  0.0000
  0.7408	  3.1030	 -0.7462	 -3.2577	  0.0000
  0.8651	  3.1030	  0.0381	 -3.2193	  0.0000
  0.9894	  3.1030	  0.0297	 -3.1842	  0.0000
  1.1138	  3.1030	  0.0568	 -3.1581	  0.0000
  1.2381	  3.1030	  0.0821	 -3.1242	  0.0000
  1.3624	  3.1030	  0.2196	 -3.0730	  0.0000
  1.4867	  3.1030	  0.2252	 -3.0045	  0.0000
  1.6111	  3.1030	  0.4404	 -2.7616	  0.0000
  1.7354	  3.1030	  0.2912	 -2.5502	  0.0000
  1.8597	  3.1030	  0.1873	 -2.9937	  1.0000
  1.9840	  3.1030	  0.3919	 -3.2261	  0.0000
  2.1084	  3.1030	 -0.1627	 -3.0583	  0.0000
  2.2327	  3.1030	 -0.4085	 -3.0137	  0.0000
  2.3570	  3.1030	 -0.2381	 -2.8559	  0.0000
  2.4814	  3.1030	 -0.1504	 -2.6584	  0.0000
  2.6057	  3.1030	 -0.2700	 -2.5571	  0.0000
  2.7300	  3.1030	 -0.4222	 -2.4718	  0.0000
  2.8543	  3.1030	 -0.4489	 -2.5162	  0.0000
  2.9787	  3.1030	 -0.3444	 -2.6658	  0.0000
  3.1030	  3.1030	 -0.3005	 -2.6445	  0.0000
  3.2273	  3.1030	 -0.1844	 -2.7752	  0.0000
  3.3516	  3.1030	 -0.1573	 -2.7056	  0.0000
  3.4760	  3.1030	 -0.1889	 -2.7326	  0.0000
  3.6003	  3.1030	  0.0295	 -3.0807	  0.0000
  3.7246	  3.1030	  0.0814	 -3.0709	  0.0000
  3.8489	  3.1030	  0.0042	 -3.0389	  0.0000
  3.9733	  3.1030	 -0.0813	 -3.0276	  0.0000
  4.0976	  3.1030	 -0.1759	 -2.9539	  0.0000
  4.2219	  3.1030	 -0.2254	 -2.7797	  0.0000
  4.3462	  3.1030	 -0.2587	 -2.6609	  0.0000
  4.4706	  3.1030	 -0.2937	 -2.5999	  0.0000
  4.5949	  3.1030	 -0.3015	 -2.7478	  0.0000
  4.7192	  3.1030	 -0.1526	 -2.9852	  1.0000
  4.8436	  3.1030	 -0.1617	 -2.9276	  1.0000
  4.9679	  3.1030	 -0.1627	 -3.5117	  0.0000
  5.0922	  3.1030	 -0.1692	 -3.2288	  1.0000
  0.1191	  2.9787	 -0.0103	 -2.7220	  0.0000
  0.2435	  2.9787	 -0.0627	 -2.6814	  0.0000
  0.3678	  2.9787	 -0.1685	 -2.8403	  1.0000
  0.4921	  2.9787	 -0.4480	 -3.0133	  0.0000
  0.6165	  2.9787	 -0.5539	 -3.1015	  0.0000
  0.7408	  2.9787	 -0.0734	 -2.9662	  1.0000
  0.8651	  2.9787	 -0.0475	 -2.9942	  1.0000
  0.9894	  2.9787	 -0.0046	 -3.1207	  0.0000
  1.1138	  2.9787	  0.0150	 -3.0939	  0.0000
  1.2381	  2.9787	  0.0797	 -2.9822	  0.0000
  1.3624	  2.9787	  0.2102	 -2.8155	  0.0000
  1.4867	  2.9787	  0.4952	 -2.7957	  0.0000
  1.6111	  2.9787	  0.5397	 -2.6103	  0.0000
  1.7354	  2.9787	  0.3855	 -2.5585	  0.0000
  1.8597	  2.9787	  0.2131	 -2.9594	  1.0000
  1.9840	  2.9787	 -0.1473	 -3.4329	  0.0000
  2.1084	  2.9787	 -0.3471	 -3.0849	  0.0000
  2.2327	  2.9787	 -0.4392	 -2.9589	  0.0000
  2.3570	  2.9787	 -0.1044	 -2.7550	  0.0000
  2.4814	  2.9787	 -0.0509	 -2.7104	  0.0000
  2.6057	  2.9787	 -0.3086	 -2.5718	  0.0000
  2.7300	  2.9787	 -0.3414	 -2.4616	  0.0000
  2.8543	  2.9787	 -0.2601	 -2.5466	  0.0000
  2.9787	  2.9787	 -0.1816	 -2.6733	  0.0000
  3.1030	  2.9787	 -0.2299	 -2.7749	  0.0000
  3.2273	  2.9787	 -0.1488	 -2.8091	  0.0000
  3.3516	  2.9787	 -0.0739	 -2.8156	  0.0000
  3.4760	  2.9787	 -0.2632	 -2.8952	  0.0000
  3.6003	  2.9787	 -0.1879	 -2.9143	  0.0000
  3.7246	  2.9787	 -0.0627	 -2.9938	  0.0000
  3.8489	  2.9787	 -0.0424	 -3.0887	  0.0000
  3.9733	  2.9787	 -0.1536	 -3.1569	  0.0000
  4.0976	  2.9787	 -0.2041	 -3.1092	  0.0000
  4.2219	  2.9787	 -0.1249	 -2.8426	  1.0000
  4.3462	  2.9787	 -0.0656	 -2.5675	  0.0000
  4.4706	  2.9787	 -0.1024	 -2.6649	  0.0000
  4.5949	  2.9787	 -0.2171	 -2.7926	  0.0000
  4.7192	  2.9787	 -0.4820	 -3.0707	  0.0000
  4.8436	  2.9787	 -0.3485	 -3.3681	  0.0000
  4.9679	  2.9787	 -0.1690	 -3.3624	  0.0000
  5.0922	  2.9787	 -0.0761	 -2.2232	  0.0000
  0.1191	  2.8543	  0.0923	 -2.6542	  0.0000
  0.2435	  2.8543	  0.0539	 -2.6931	  0.0000
  0.3678	  2.8543	 -0.1737	 -2.8192	  1.0000
  0.4921	  2.8543	 -0.0926	 -2.9664	  0.0000
  0.6165	  2.8543	 -0.1309	 -2.9666	  0.0000
  0.7408	  2.8543	 -0.1689	 -2.9053	  0.0000
  0.8651	  2.8543	  0.0489	 -2.7203	  0.0000
  0.9894	  2.8543	  0.0975	 -2.7416	  0.0000
  1.1138	  2.8543	  0.1686	 -2.7482	  0.0000
  1.2381	  2.8543	  0.2680	 -2.7526	  0.0000
  1.3624	  2.8543	  0.3339	 -2.6796	  0.0000
  1.4867	  2.8543	  0.3786	 -2.6196	  0.0000
  1.6111	  2.8543	  0.4907	 -2.5732	  0.0000
  1.7354	  2.8543	  0.4684	 -2.6222	  0.0000
  1.8597	  2.8543	  0.1460	 -3.0807	  0.0000
  1.9840	  2.8543	 -0.0651	 -3.3837	  0.0000
  2.1084	  2.8543	 -0.0346	 -3.2693	  0.0000
  2.2327	  2.8543	 -0.1238	 -2.9675	  0.0000
  2.3570	  2.8543	 -0.0672	 -2.8583	  0.0000
  2.4814	  2.8543	 -0.0153	 -2.8460	  0.0000
  2.6057	  2.8543	 -0.0156	 -2.7752	  0.0000
  2.7300	  2.8543	 -0.0100	 -2.6397	  0.0000
  2.8543	  2.8543	 -0.0303	 -2.6219	  0.0000
  2.9787	  2.8543	 -0.1221	 -2.5828	  0.0000
  3.1030	  2.8543	 -0.2475	 -2.5942	  0.0000
  3.2273	  2.8543	 -0.3098	 -2.8225	  0.0000
  3.3516	  2.8543	 -0.2843	 -2.9652	  0.0000
  3.4760	  2.8543	 -0.3113	 -2.9570	  0.0000
  3.6003	  2.8543	 -0.2764	 -2.9675	  0.0000
  3.7246	  2.8543	 -0.1953	 -2.9860	  0.0000
  3.8489	  2.8543	 -0.2185	 -3.0854	  0.0000
  3.9733	  2.8543	 -0.2278	 -3.1897	  0.0000
  4.0976	  2.8543	 -0.1832	 -3.1409	  0.0000
  4.2219	  2.8543	  0.2507	 -2.6722	  0.0000
  4.3462	  2.8543	  0.1654	 -2.6323	  0.0000
  4.4706	  2.8543	  0.0267	 -2.6752	  0.0000
  4.5949	  2.8543	 -0.1839	 -2.8274	  0.0000
  4.7192	  2.8543	 -0.3403	 -3.0795	  0.0000
  4.8436	  2.8543	 -0.2617	 -3.2270	  0.0000
  4.9679	  2.8543	 -0.1222	 -3.0808	  0.0000
  5.0922	  2.8543	 -0.0384	 -2.3756	  0.0000
  0.1191	  2.7300	  0.0556	 -2.6319	  0.0000
  0.2435	  2.7300	  0.1116	 -2.7175	  0.0000
  0.3678	  2.7300	 -0.0300	 -2.9901	  0.0000
  0.4921	  2.7300	 -0.0755	 -2.8775	  1.0000
  0.6165	  2.7300	  0.0634	 -2.7849	  0.0000
  0.7408	  2.7300	 -0.0064	 -2.8466	  0.0000
  0.8651	  2.7300	  0.1091	 -2.6655	  0.0000
  0.9894	  2.7300	  0.1859	 -2.6493	  0.0000
  1.1138	  2.7300	  0.2855	 -2.7095	  0.0000
  1.2381	  2.7300	  0.3545	 -2.6913	  0.0000
  1.3624	  2.7300	  0.3584	 -2.6286	  0.0000
  1.4867	  2.7300	  0.2678	 -2.5492	  0.0000
  1.6111	  2.7300	  0.3391	 -2.5917	  0.0000
  1.7354	  2.7300	  0.2737	 -2.7890	  0.0000
  1.8597	  2.7300	  0.0889	 -3.1306	  0.0000
  1.9840	  2.7300	  0.0031	 -3.2554	  0.0000
  2.1084	  2.7300	  0.0533	 -3.1200	  0.0000
  2.2327	  2.7300	 -0.0828	 -3.0665	  1.0000
  2.3570	  2.7300	  0.0584	 -2.9162	  0.0000
  2.4814	  2.7300	 -0.0224	 -2.9266	  0.0000
  2.6057	  2.7300	 -0.2106	 -2.7596	  0.0000
  2.7300	  2.7300	 -0.2453	 -2.5806	  0.0000
  2.8543	  2.7300	 -0.1997	 -2.5631	  0.0000
  2.9787	  2.7300	 -0.2455	 -2.5270	  0.0000
  3.1030	  2.7300	 -0.2997	 -2.5563	  0.0000
  3.2273	  2.7300	 -0.3824	 -2.7522	  0.0000
  3.3516	  2.7300	 -0.4170	 -2.8622	  0.0000
  3.4760	  2.7300	 -0.4238	 -2.8526	  0.0000
  3.6003	  2.7300	 -0.4760	 -2.9385	  0.0000
  3.7246	  2.7300	 -0.6058	 -2.9639	  0.0000
  3.8489	  2.7300	 -0.4173	 -2.9949	  0.0000
  3.9733	  2.7300	 -0.2800	 -3.0101	  0.0000
  4.0976	  2.7300	  0.0886	 -2.8048	  0.0000
  4.2219	  2.7300	  0.1914	 -2.6537	  0.0000
  4.3462	  2.7300	  0.0574	 -2.7480	  0.0000
  4.4706	  2.7300	 -0.0372	 -2.7819	  0.0000
  4.5949	  2.7300	 -0.1915	 -2.9355	  0.0000
  4.7192	  2.7300	 -0.1607	 -3.0858	  0.0000
  4.8436	  2.7300	 -0.0181	 -2.9339	  0.0000
  4.9679	  2.7300	 -0.1920	 -2.8079	  1.0000
  5.0922	  2.7300	 -0.0204	 -2.4519	  0.0000
  0.1191	  2.6057	  0.0238	 -2.5898	  0.0000
  0.2435	  2.6057	  0.0606	 -2.8289	  0.0000
  0.3678	  2.6057	 -0.0176	 -2.8254	  1.0000
  0.4921	  2.6057	 -0.0641	 -2.8890	  0.0000
  0.6165	  2.6057	  0.0262	 -2.7854	  0.0000
  0.7408	  2.6057	  0.0589	 -2.8723	  1.0000
  0.8651	  2.6057	  0.0975	 -2.8803	  1.0000
  0.9894	  2.6057	  0.3988	 -2.5985	  0.0000
  1.1138	  2.6057	  0.5058	 -2.6755	  0.0000
  1.2381	  2.6057	  0.4072	 -2.7122	  0.0000
  1.3624	  2.6057	  0.3695	 -2.6782	  0.0000
  1.4867	  2.6057	  0.2576	 -2.6435	  0.0000
  1.6111	  2.6057	  0.2230	 -2.6419	  0.0000
  1.7354	  2.6057	  0.1397	 -2.9481	  0.0000
  1.8597	  2.6057	  0.0278	 -3.2731	  0.0000
  1.9840	  2.6057	 -0.0117	 -3.0972	  1.0000
  2.1084	  2.6057	 -0.0523	 -3.1314	  1.0000
  2.2327	  2.6057	 -0.0212	 -3.0547	  0.0000
  2.3570	  2.6057	 -0.0198	 -2.9752	  0.0000
  2.4814	  2.6057	 -0.1015	 -2.9850	  0.0000
  2.6057	  2.6057	 -0.2960	 -2.7434	  0.0000
  2.7300	  2.6057	 -0.2460	 -2.5312	  0.0000
  2.8543	  2.6057	 -0.1925	 -2.5380	  0.0000
  2.9787	  2.6057	 -0.2532	 -2.5958	  0.0000
  3.1030	  2.6057	 -0.2053	 -2.6036	  1.0000
  3.2273	  2.6057	 -0.1673	 -2.5677	  0.0000
  3.3516	  2.6057	 -0.3504	 -2.8093	  0.0000
  3.4760	  2.6057	 -0.3928	 -2.8361	  0.0000
  3.6003	  2.6057	 -0.5102	 -2.9474	  0.0000
  3.7246	  2.6057	 -0.5136	 -2.9831	  0.0000
  3.8489	  2.6057	 -0.3990	 -2.9655	  0.0000
  3.9733	  2.6057	 -0.2485	 -2.7739	  0.0000
  4.0976	  2.6057	 -0.0257	 -2.5463	  0.0000
  4.2219	  2.6057	 -0.0644	 -2.6537	  0.0000
  4.3462	  2.6057	 -0.3761	 -3.0183	  0.0000
  4.4706	  2.6057	 -0.3044	 -2.9303	  0.0000
  4.5949	  2.6057	 -0.3020	 -2.8764	  0.0000
  4.7192	  2.6057	 -0.2350	 -2.9358	  0.0000
  4.8436	  2.6057	 -0.1528	 -2.9099	  0.0000
  4.9679	  2.6057	 -0.1408	 -2.7524	  1.0000
  5.0922	  2.6057	 -0.0067	 -2.4235	  0.0000
  0.1191	  2.4814	 -0.1085	 -2.4614	  0.0000
  0.2435	  2.4814	 -0.0915	 -2.8194	  0.0000
  0.3678	  2.4814	 -0.0214	 -2.8136	  1.0000
  0.4921	  2.4814	 -0.0218	 -3.0337	  0.0000
  0.6165	  2.4814	  0.0206	 -3.0642	  0.0000
  0.7408	  2.4814	  0.0334	 -3.0565	  0.0000
  0.8651	  2.4814	  0.1091	 -2.8690	  1.0000
  0.9894	  2.4814	  0.4372	 -2.7562	  0.0000
  1.1138	  2.4814	  0.4120	 -2.7814	  0.0000
  1.2381	  2.4814	  0.3592	 -2.8146	  0.0000
  1.3624	  2.4814	  0.2736	 -2.8805	  0.0000
  1.4867	  2.4814	  0.0759	 -2.9288	  0.0000
  1.6111	  2.4814	 -0.0070	 -2.9065	  0.0000
  1.7354	  2.4814	 -0.0239	 -3.0081	  1.0000
  1.8597	  2.4814	 -0.0433	 -3.0400	  1.0000
  1.9840	  2.4814	 -0.0983	 -3.1244	  1.0000
  2.1084	  2.4814	  0.0598	 -3.2382	  0.0000
  2.2327	  2.4814	 -0.0178	 -3.2767	  0.0000
  2.3570	  2.4814	 -0.1003	 -3.1255	  0.0000
  2.4814	  2.4814	 -0.1684	 -3.0465	  0.0000
  2.6057	  2.4814	 -0.1968	 -2.9154	  0.0000
  2.7300	  2.4814	 -0.0818	 -2.5490	  0.0000
  2.8543	  2.4814	 -0.0839	 -2.5124	  0.0000
  2.9787	  2.4814	  0.0067	 -2.5237	  0.0000
  3.1030	  2.4814	 -0.0319	 -2.3542	  0.0000
  3.2273	  2.4814	 -0.1808	 -2.3266	  0.0000
  3.3516	  2.4814	 -0.2349	 -2.8248	  0.0000
  3.4760	  2.4814	 -0.2390	 -2.8837	  0.0000
  3.6003	  2.4814	 -0.2424	 -2.8753	  0.0000
  3.7246	  2.4814	 -0.2759	 -2.9320	  0.0000
  3.8489	  2.4814	 -0.2756	 -2.8522	  1.0000
  3.9733	  2.4814	 -0.3837	 -2.7029	  0.0000
  4.0976	  2.4814	 -0.4273	 -2.7459	  0.0000
  4.2219	  2.4814	 -0.5555	 -2.9592	  0.0000
  4.3462	  2.4814	 -0.5149	 -3.0255	  0.0000
  4.4706	  2.4814	 -0.4454	 -2.8627	  0.0000
  4.5949	  2.4814	 -0.2843	 -2.7949	  0.0000
  4.7192	  2.4814	 -0.1981	 -2.7285	  0.0000
  4.8436	  2.4814	 -0.1552	 -2.8669	  0.0000
  4.9679	  2.4814	 -0.1057	 -2.6990	  1.0000
  5.0922	  2.4814	 -0.0095	 -2.4858	  0.0000
  0.1191	  2.3570	 -0.1091	 -2.7864	  1.0000
  0.2435	  2.3570	 -0.0847	 -2.7880	  1.0000
  0.3678	  2.3570	 -0.0855	 -2.8075	  1.0000
  0.4921	  2.3570	 -0.0317	 -2.8828	  1.0000
  0.6165	  2.3570	  0.0654	 -3.0766	  0.0000
  0.7408	  2.3570	  0.0039	 -3.0922	  0.0000
  0.8651	  2.3570	  0.1335	 -2.8762	  1.0000
  0.9894	  2.3570	  0.0240	 -3.0263	  0.0000
  1.1138	  2.3570	  0.0687	 -2.8794	  0.0000
  1.2381	  2.3570	  0.2027	 -2.7340	  0.0000
  1.3624	  2.3570	  0.1909	 -2.9513	  0.0000
  1.4867	  2.3570	  0.0136	 -2.9818	  0.0000
  1.6111	  2.3570	 -0.1979	 -3.0381	  0.0000
  1.7354	  2.3570	 -0.4508	 -3.2327	  0.0000
  1.8597	  2.3570	 -0.4893	 -3.3044	  0.0000
  1.9840	  2.3570	 -0.0382	 -3.1663	  0.0000
  2.1084	  2.3570	 -0.0078	 -3.1728	  0.0000
  2.2327	  2.3570	 -0.0025	 -3.2357	  0.0000
  2.3570	  2.3570	 -0.0035	 -3.1706	  0.0000
  2.4814	  2.3570	 -0.0063	 -3.0017	  0.0000
  2.6057	  2.3570	  0.1558	 -2.8335	  0.0000
  2.7300	  2.3570	  0.1831	 -2.5452	  0.0000
  2.8543	  2.3570	 -0.0059	 -2.4447	  0.0000
  2.9787	  2.3570	  0.0188	 -2.4572	  0.0000
  3.1030	  2.3570	 -0.1623	 -2.4377	  0.0000
  3.2273	  2.3570	 -0.3525	 -2.4155	  0.0000
  3.3516	  2.3570	 -0.4613	 -2.4567	  0.0000
  3.4760	  2.3570	  0.0195	 -2.7844	  0.0000
  3.6003	  2.3570	 -0.0410	 -2.8352	  0.0000
  3.7246	  2.3570	 -0.1384	 -2.8922	  0.0000
  3.8489	  2.3570	 -0.3796	 -2.6989	  0.0000
  3.9733	  2.3570	 -0.4103	 -2.8055	  0.0000
  4.0976	  2.3570	 -0.4183	 -2.9356	  0.0000
  4.2219	  2.3570	 -0.3519	 -2.9160	  0.0000
  4.3462	  2.3570	 -0.3183	 -2.9337	  0.0000
  4.4706	  2.3570	 -0.1798	 -2.7731	  1.0000
  4.5949	  2.3570	 -0.1061	 -2.5607	  0.0000
  4.7192	  2.3570	 -0.1546	 -2.5400	  0.0000
  4.8436	  2.3570	 -0.1893	 -2.6645	  0.0000
  4.9679	  2.3570	 -0.2275	 -2.7864	  0.0000
  5.0922	  2.3570	 -0.1431	 -2.5888	  0.0000
  0.1191	  2.2327	 -0.2379	 -2.7081	  1.0000
  0.2435	  2.2327	 -0.1651	 -2.7619	  1.0000
  0.3678	  2.2327	  0.1049	 -3.0143	  0.0000
  0.4921	  2.2327	 -0.0978	 -2.8365	  1.0000
  0.6165	  2.2327	  0.1145	 -3.0699	  0.0000
  0.7408	  2.2327	  0.0188	 -3.0049	  0.0000
  0.8651	  2.2327	  0.0281	 -2.7889	  0.0000
  0.9894	  2.2327	 -0.0415	 -2.9361	  0.0000
  1.1138	  2.2327	 -0.0256	 -2.8962	  0.0000
  1.2381	  2.2327	 -0.0996	 -2.6646	  0.0000
  1.3624	  2.2327	  0.0182	 -2.8848	  1.0000
  1.4867	  2.2327	 -0.0075	 -3.0333	  0.0000
  1.6111	  2.2327	 -0.2877	 -3.1217	  0.0000
  1.7354	  2.2327	 -0.4430	 -3.1806	  0.0000
  1.8597	  2.2327	 -0.4564	 -3.2039	  0.0000
  1.9840	  2.2327	 -0.1139	 -3.0973	  0.0000
  2.1084	  2.2327	 -0.1220	 -3.0553	  0.0000
  2.2327	  2.2327	 -0.0286	 -3.0915	  0.0000
  2.3570	  2.2327	  0.0894	 -3.0772	  0.0000
  2.4814	  2.2327	  0.1493	 -2.9811	  0.0000
  2.6057	  2.2327	  0.2505	 -2.8647	  0.0000
  2.7300	  2.2327	  0.1914	 -2.5675	  0.0000
  2.8543	  2.2327	  0.0534	 -2.3731	  0.0000
  2.9787	  2.2327	 -0.0829	 -2.4565	  0.0000
  3.1030	  2.2327	 -0.3245	 -2.4690	  0.0000
  3.2273	  2.2327	 -0.4389	 -2.4637	  0.0000
  3.3516	  2.2327	 -0.5155	 -2.4714	  0.0000
  3.4760	  2.2327	 -0.1999	 -2.6267	  0.0000
  3.6003	  2.2327	 -0.1348	 -2.7360	  0.0000
  3.7246	  2.2327	 -0.2535	 -2.8136	  0.0000
  3.8489	  2.2327	 -0.3029	 -2.7983	  0.0000
  3.9733	  2.2327	 -0.3174	 -2.7348	  1.0000
  4.0976	  2.2327	 -0.1250	 -2.9136	  0.0000
  4.2219	  2.2327	 -0.1015	 -2.8431	  0.0000
  4.3462	  2.2327	  0.0081	 -2.7886	  0.0000
  4.4706	  2.2327	  0.0429	 -2.6416	  0.0000
  4.5949	  2.2327	 -0.0584	 -2.5306	  0.0000
  4.7192	  2.2327	 -0.0825	 -2.5658	  0.0000
  4.8436	  2.2327	 -0.1023	 -2.6815	  0.0000
  4.9679	  2.2327	 -0.1348	 -2.7326	  0.0000
  5.0922	  2.2327	 -0.0036	 -2.6060	  0.0000
  0.1191	  2.1084	 -0.2469	 -2.7276	  1.0000
  0.2435	  2.1084	 -0.5194	 -2.4774	  0.0000
  0.3678	  2.1084	 -0.2243	 -2.7494	  1.0000
  0.4921	  2.1084	 -0.1061	 -2.8054	  1.0000
  0.6165	  2.1084	  0.0433	 -3.0597	  0.0000
  0.7408	  2.1084	  0.0510	 -2.9210	  0.0000
  0.8651	  2.1084	  0.0038	 -2.7394	  0.0000
  0.9894	  2.1084	  0.0667	 -2.7857	  0.0000
  1.1138	  2.1084	  0.0161	 -2.7556	  0.0000
  1.2381	  2.1084	 -0.0534	 -2.7502	  0.0000
  1.3624	  2.1084	  0.0057	 -2.8118	  0.0000
  1.4867	  2.1084	 -0.1630	 -2.9197	  0.0000
  1.6111	  2.1084	 -0.1556	 -3.0578	  1.0000
  1.7354	  2.1084	 -0.3431	 -3.0260	  0.0000
  1.8597	  2.1084	 -0.0885	 -3.0492	  1.0000
  1.9840	  2.1084	 -0.2265	 -2.9117	  0.0000
  2.1084	  2.1084	 -0.2276	 -2.9525	  0.0000
  2.2327	  2.1084	 -0.0766	 -2.9913	  0.0000
  2.3570	  2.1084	  0.1173	 -3.0232	  0.0000
  2.4814	  2.1084	  0.1528	 -2.9620	  0.0000
  2.6057	  2.1084	  0.2966	 -2.8052	  0.0000
  2.7300	  2.1084	  0.1888	 -2.5202	  0.0000
  2.8543	  2.1084	  0.0915	 -2.4314	  0.0000
  2.9787	  2.1084	 -0.2639	 -2.4740	  0.0000
  3.1030	  2.1084	 -0.3587	 -2.5115	  0.0000
  3.2273	  2.1084	 -0.4245	 -2.5033	  0.0000
  3.3516	  2.1084	 -0.4980	 -2.4644	  0.0000
  3.4760	  2.1084	 -0.4521	 -2.4862	  0.0000
  3.6003	  2.1084	 -0.4549	 -2.5669	  0.0000
  3.7246	  2.1084	 -0.4051	 -2.6515	  0.0000
  3.8489	  2.1084	 -0.2474	 -2.7173	  0.0000
  3.9733	  2.1084	 -0.1200	 -2.6694	  0.0000
  4.0976	  2.1084	 -0.0991	 -2.7175	  0.0000
  4.2219	  2.1084	 -0.1971	 -2.7091	  1.0000
  4.3462	  2.1084	  0.1186	 -2.7977	  0.0000
  4.4706	  2.1084	  0.0397	 -2.6893	  0.0000
  4.5949	  2.1084	 -0.0189	 -2.5683	  0.0000
  4.7192	  2.1084	 -0.0144	 -2.5734	  0.0000
  4.8436	  2.1084	 -0.0004	 -2.6350	  0.0000
  4.9679	  2.1084	  0.0530	 -2.6462	  0.0000
  5.0922	  2.1084	  0.2928	 -2.5719	  0.0000
  0.1191	  1.9840	 -0.5303	 -2.6295	  0.0000
  0.2435	  1.9840	 -0.5856	 -2.5220	  0.0000
  0.3678	  1.9840	 -0.2911	 -2.6870	  1.0000
  0.4921	  1.9840	 -0.2047	 -2.7574	  1.0000
  0.6165	  1.9840	 -0.0974	 -2.7585	  1.0000
  0.7408	  1.9840	  0.2181	 -2.6905	  0.0000
  0.8651	  1.9840	  0.1721	 -2.7103	  0.0000
  0.9894	  1.9840	  0.0879	 -2.6853	  0.0000
  1.1138	  1.9840	  0.0242	 -2.5904	  0.0000
  1.2381	  1.9840	 -0.0561	 -2.8002	  0.0000
  1.3624	  1.9840	 -0.1862	 -2.8837	  0.0000
  1.4867	  1.9840	 -0.1977	 -3.0279	  0.0000
  1.6111	  1.9840	 -0.0507	 -3.1899	  0.0000
  1.7354	  1.9840	 -0.0527	 -3.1187	  0.0000
  1.8597	  1.9840	 -0.0907	 -2.9910	  1.0000
  1.9840	  1.9840	  0.0421	 -2.6509	  0.0000
  2.1084	  1.9840	 -0.0302	 -2.9804	  1.0000
  2.2327	  1.9840	 -0.0321	 -3.0015	  0.0000
  2.3570	  1.9840	  0.0927	 -3.0342	  0.0000
  2.4814	  1.9840	  0.1774	 -2.9695	  0.0000
  2.6057	  1.9840	  0.2926	 -2.7074	  0.0000
  2.7300	  1.9840	  0.1963	 -2.5519	  0.0000
  2.8543	  1.9840	 -0.0637	 -2.4864	  0.0000
  2.9787	  1.9840	 -0.4047	 -2.6182	  0.0000
  3.1030	  1.9840	 -0.3994	 -2.5493	  0.0000
  3.2273	  1.9840	 -0.3863	 -2.4900	  0.0000
  3.3516	  1.9840	 -0.4296	 -2.4227	  0.0000
  3.4760	  1.9840	 -0.4272	 -2.4010	  0.0000
  3.6003	  1.9840	 -0.4437	 -2.3956	  0.0000
  3.7246	  1.9840	 -0.4085	 -2.3616	  0.0000
  3.8489	  1.9840	 -0.2859	 -2.4364	  0.0000
  3.9733	  1.9840	 -0.2868	 -2.5805	  0.0000
  4.0976	  1.9840	 -0.3272	 -2.5706	  0.0000
  4.2219	  1.9840	 -0.2849	 -2.6605	  0.0000
  4.3462	  1.9840	 -0.0470	 -2.7230	  0.0000
  4.4706	  1.9840	  0.0091	 -2.6595	  0.0000
  4.5949	  1.9840	  0.0256	 -2.5613	  0.0000
  4.7192	  1.9840	  0.0377	 -2.5339	  0.0000
  4.8436	  1.9840	  0.0630	 -2.5704	  0.0000
  4.9679	  1.9840	  0.0840	 -2.5674	  0.0000
  5.0922	  1.9840	  0.1928	 -2.4562	  0.0000
  0.1191	  1.8597	 -0.6241	 -2.4621	  0.0000
  0.2435	  1.8597	 -0.5473	 -2.6064	  0.0000
  0.3678	  1.8597	 -0.3211	 -2.6333	  1.0000
  0.4921	  1.8597	 -0.2886	 -2.6611	  1.0000
  0.6165	  1.8597	 -0.1649	 -2.6834	  1.0000
  0.7408	  1.8597	  0.1192	 -2.6903	  0.0000
  0.8651	  1.8597	  0.2008	 -2.7126	  0.0000
  0.9894	  1.8597	  0.1572	 -2.7331	  0.0000
  1.1138	  1.8597	 -0.0972	 -2.8007	  1.0000
  1.2381	  1.8597	 -0.0961	 -2.8515	  1.0000
  1.3624	  1.8597	 -0.2151	 -2.9858	  0.0000
  1.4867	  1.8597	 -0.1205	 -3.1154	  0.0000
  1.6111	  1.8597	  0.0638	 -3.1495	  0.0000
  1.7354	  1.8597	  0.0727	 -3.0996	  0.0000
  1.8597	  1.8597	 -0.0754	 -2.9302	  1.0000
  1.9840	  1.8597	  0.0791	 -2.7007	  0.0000
  2.1084	  1.8597	  0.1219	 -2.8322	  0.0000
  2.2327	  1.8597	  0.0969	 -2.9756	  0.0000
  2.3570	  1.8597	  0.0640	 -2.9903	  0.0000
  2.4814	  1.8597	  0.3864	 -2.9445	  0.0000
  2.6057	  1.8597	  0.2315	 -2.8150	  0.0000
  2.7300	  1.8597	  0.0601	 -2.7713	  0.0000
  2.8543	  1.8597	 -0.3550	 -2.6924	  0.0000
  2.9787	  1.8597	 -0.4963	 -2.6492	  0.0000
  3.1030	  1.8597	 -0.4719	 -2.5582	  0.0000
  3.2273	  1.8597	 -0.4587	 -2.4558	  0.0000
  3.3516	  1.8597	 -0.4543	 -2.3715	  0.0000
  3.4760	  1.8597	 -0.4702	 -2.3857	  0.0000
  3.6003	  1.8597	 -0.3618	 -2.3643	  0.0000
  3.7246	  1.8597	 -0.3231	 -2.3335	  0.0000
  3.8489	  1.8597	 -0.3211	 -2.3516	  0.0000
  3.9733	  1.8597	 -0.3274	 -2.5353	  0.0000
  4.0976	  1.8597	 -0.3142	 -2.5084	  0.0000
  4.2219	  1.8597	 -0.2420	 -2.5386	  0.0000
  4.3462	  1.8597	 -0.1106	 -2.6215	  0.0000
  4.4706	  1.8597	 -0.0316	 -2.6209	  0.0000
  4.5949	  1.8597	  0.0288	 -2.5582	  0.0000
  4.7192	  1.8597	  0.0180	 -2.5478	  0.0000
  4.8436	  1.8597	  0.0244	 -2.4985	  0.0000
  4.9679	  1.8597	 -0.0187	 -2.5161	  0.0000
  5.0922	  1.8597	 -0.0143	 -2.5084	  0.0000
  0.1191	  1.7354	 -0.6082	 -2.3739	  0.0000
  0.2435	  1.7354	 -0.4913	 -2.4384	  0.0000
  0.3678	  1.7354	 -0.3419	 -2.6178	  0.0000
  0.4921	  1.7354	 -0.2223	 -2.6228	  1.0000
  0.6165	  1.7354	 -0.4958	 -2.6980	  0.0000
  0.7408	  1.7354	 -0.4564	 -2.6916	  0.0000
  0.8651	  1.7354	 -0.0257	 -2.6461	  0.0000
  0.9894	  1.7354	  0.0190	 -2.7233	  0.0000
  1.1138	  1.7354	 -0.1369	 -2.7838	  0.0000
  1.2381	  1.7354	 -0.3738	 -2.9567	  0.0000
  1.3624	  1.7354	 -0.1253	 -2.9552	  1.0000
  1.4867	  1.7354	 -0.1124	 -3.0098	  1.0000
  1.6111	  1.7354	  0.0897	 -3.0599	  0.0000
  1.7354	  1.7354	  0.0508	 -2.9863	  0.0000
  1.8597	  1.7354	 -0.0481	 -2.8174	  0.0000
  1.9840	  1.7354	 -0.0126	 -2.7688	  0.0000
  2.1084	  1.7354	  0.0029	 -2.8562	  1.0000
  2.2327	  1.7354	  0.1571	 -3.0535	  0.0000
  2.3570	  1.7354	  0.0387	 -3.0038	  0.0000
  2.4814	  1.7354	 -0.0853	 -2.9353	  0.0000
  2.6057	  1.7354	 -0.1447	 -2.8908	  0.0000
  2.7300	  1.7354	 -0.0669	 -2.7476	  0.0000
  2.8543	  1.7354	 -0.1928	 -2.6624	  0.0000
  2.9787	  1.7354	 -0.3920	 -2.5917	  0.0000
  3.1030	  1.7354	 -0.4061	 -2.4708	  0.0000
  3.2273	  1.7354	 -0.3851	 -2.4285	  0.0000
  3.3516	  1.7354	 -0.3824	 -2.3990	  0.0000
  3.4760	  1.7354	 -0.4349	 -2.4158	  0.0000
  3.6003	  1.7354	 -0.4020	 -2.4568	  0.0000
  3.7246	  1.7354	 -0.3473	 -2.4185	  0.0000
  3.8489	  1.7354	 -0.3760	 -2.5543	  1.0000
  3.9733	  1.7354	 -0.3665	 -2.4993	  0.0000
  4.0976	  1.7354	 -0.3096	 -2.4412	  0.0000
  4.2219	  1.7354	 -0.1058	 -2.5241	  0.0000
  4.3462	  1.7354	 -0.0536	 -2.5988	  0.0000
  4.4706	  1.7354	 -0.0205	 -2.6227	  0.0000
  4.5949	  1.7354	  0.0418	 -2.5984	  0.0000
  4.7192	  1.7354	  0.0213	 -2.6192	  0.0000
  4.8436	  1.7354	  0.0045	 -2.5131	  0.0000
  4.9679	  1.7354	 -0.0304	 -2.5203	  0.0000
  5.0922	  1.7354	 -0.0549	 -2.5140	  0.0000
  0.1191	  1.6111	 -0.1293	 -2.5174	  1.0000
  0.2435	  1.6111	 -0.2822	 -2.4139	  0.0000
  0.3678	  1.6111	 -0.1465	 -2.4971	  0.0000
  0.4921	  1.6111	 -0.1631	 -2.6233	  1.0000
  0.6165	  1.6111	 -0.4983	 -2.7073	  0.0000
  0.7408	  1.6111	 -0.5001	 -2.6485	  0.0000
  0.8651	  1.6111	 -0.4003	 -2.5265	  0.0000
  0.9894	  1.6111	 -0.1669	 -2.8132	  1.0000
  1.1138	  1.6111	 -0.4248	 -2.9238	  0.0000
  1.2381	  1.6111	 -0.4001	 -3.1121	  0.0000
  1.3624	  1.6111	 -0.1226	 -2.9110	  1.0000
  1.4867	  1.6111	 -0.1204	 -3.0436	  0.0000
  1.6111	  1.6111	 -0.0652	 -2.9361	  0.0000
  1.7354	  1.6111	 -0.0913	 -2.9175	  0.0000
  1.8597	  1.6111	 -0.0883	 -2.8207	  0.0000
  1.9840	  1.6111	 -0.0637	 -2.7242	  0.0000
  2.1084	  1.6111	 -0.0722	 -2.7468	  0.0000
  2.2327	  1.6111	  0.0523	 -2.8153	  1.0000
  2.3570	  1.6111	  0.0593	 -2.9278	  0.0000
  2.4814	  1.6111	 -0.2065	 -2.8575	  0.0000
  2.6057	  1.6111	 -0.2987	 -2.9032	  0.0000
  2.7300	  1.6111	 -0.1010	 -2.6526	  0.0000
  2.8543	  1.6111	 -0.0985	 -2.5907	  0.0000
  2.9787	  1.6111	 -0.0681	 -2.4808	  0.0000
  3.1030	  1.6111	 -0.1835	 -2.4960	  1.0000
  3.2273	  1.6111	 -0.2808	 -2.4733	  0.0000
  3.3516	  1.6111	 -0.3060	 -2.6597	  0.0000
  3.4760	  1.6111	 -0.3842	 -2.7211	  0.0000
  3.6003	  1.6111	 -0.3886	 -2.6420	  0.0000
  3.7246	  1.6111	 -0.3443	 -2.5912	  0.0000
  3.8489	  1.6111	 -0.4196	 -2.6194	  0.0000
  3.9733	  1.6111	 -0.4316	 -2.6364	  0.0000
  4.0976	  1.6111	 -0.4034	 -2.5667	  0.0000
  4.2219	  1.6111	 -0.1238	 -2.5392	  0.0000
  4.3462	  1.6111	 -0.0687	 -2.5370	  0.0000
  4.4706	  1.6111	 -0.0412	 -2.5668	  0.0000
  4.5949	  1.6111	  0.0184	 -2.6040	  0.0000
  4.7192	  1.6111	  0.0784	 -2.5940	  0.0000
  4.8436	  1.6111	  0.0390	 -2.4973	  0.0000
  4.9679	  1.6111	  0.0019	 -2.4982	  0.0000
  5.0922	  1.6111	 -0.0302	 -2.5180	  0.0000
  0.1191	  1.4867	  0.4024	 -2.1183	  0.0000
  0.2435	  1.4867	  0.0746	 -2.4665	  0.0000
  0.3678	  1.4867	 -0.0326	 -2.5181	  0.0000
  0.4921	  1.4867	 -0.0303	 -2.6259	  0.0000
  0.6165	  1.4867	 -0.1934	 -2.7638	  0.0000
  0.7408	  1.4867	 -0.3089	 -2.6781	  0.0000
  0.8651	  1.4867	 -0.3556	 -2.6105	  0.0000
  0.9894	  1.4867	 -0.3922	 -2.6938	  0.0000
  1.1138	  1.4867	 -0.1400	 -2.8331	  1.0000
  1.2381	  1.4867	 -0.2621	 -3.2017	  0.0000
  1.3624	  1.4867	 -0.1562	 -3.2337	  0.0000
  1.4867	  1.4867	 -0.0455	 -2.8800	  1.0000
  1.6111	  1.4867	 -0.0163	 -2.8266	  1.0000
  1.7354	  1.4867	 -0.1648	 -2.9395	  0.0000
  1.8597	  1.4867	 -0.1001	 -2.8998	  0.0000
  1.9840	  1.4867	 -0.1231	 -2.6308	  0.0000
  2.1084	  1.4867	 -0.1418	 -2.6654	  0.0000
  2.2327	  1.4867	  0.0414	 -2.7824	  1.0000
  2.3570	  1.4867	  0.0914	 -2.8244	  0.0000
  2.4814	  1.4867	 -0.0009	 -3.0123	  0.0000
  2.6057	  1.4867	  0.0370	 -2.6586	  1.0000
  2.7300	  1.4867	 -0.0444	 -2.6448	  1.0000
  2.8543	  1.4867	 -0.0673	 -2.4323	  0.0000
  2.9787	  1.4867	  0.0816	 -2.3776	  0.0000
  3.1030	  1.4867	  0.0746	 -2.3930	  0.0000
  3.2273	  1.4867	 -0.0764	 -2.5251	  0.0000
  3.3516	  1.4867	 -0.2222	 -2.6590	  0.0000
  3.4760	  1.4867	 -0.3785	 -2.7439	  0.0000
  3.6003	  1.4867	 -0.4313	 -2.7204	  0.0000
  3.7246	  1.4867	 -0.3508	 -2.6779	  0.0000
  3.8489	  1.4867	 -0.3631	 -2.7014	  0.0000
  3.9733	  1.4867	 -0.4282	 -2.7306	  0.0000
  4.0976	  1.4867	 -0.4447	 -2.6542	  0.0000
  4.2219	  1.4867	 -0.3852	 -2.5815	  0.0000
  4.3462	  1.4867	 -0.2068	 -2.5104	  0.0000
  4.4706	  1.4867	 -0.1139	 -2.5367	  0.0000
  4.5949	  1.4867	 -0.0884	 -2.5948	  0.0000
  4.7192	  1.4867	 -0.0846	 -2.6312	  0.0000
  4.8436	  1.4867	 -0.1971	 -2.6824	  0.0000
  4.9679	  1.4867	 -0.1235	 -2.5535	  0.0000
  5.0922	  1.4867	 -0.0331	 -2.5026	  0.0000
  0.1191	  1.3624	  0.6449	 -2.2289	  0.0000
  0.2435	  1.3624	  0.6194	 -2.3232	  0.0000
  0.3678	  1.3624	  0.0058	 -2.5359	  0.0000
  0.4921	  1.3624	 -0.0174	 -2.6646	  0.0000
  0.6165	  1.3624	  0.1031	 -2.8343	  0.0000
  0.7408	  1.3624	 -0.1786	 -2.7940	  0.0000
  0.8651	  1.3624	 -0.3250	 -2.7265	  0.0000
  0.9894	  1.3624	 -0.1530	 -2.7831	  1.0000
  1.1138	  1.3624	 -0.0745	 -2.7953	  1.0000
  1.2381	  1.3624	 -0.1598	 -3.2392	  0.0000
  1.3624	  1.3624	 -0.0907	 -3.1340	  0.0000
  1.4867	  1.3624	 -0.1972	 -2.4971	  0.0000
  1.6111	  1.3624	 -0.2821	 -2.5762	  0.0000
  1.7354	  1.3624	 -0.0472	 -2.8801	  0.0000
  1.8597	  1.3624	  0.0212	 -2.9251	  0.0000
  1.9840	  1.3624	 -0.0845	 -2.6174	  0.0000
  2.1084	  1.3624	  0.0632	 -2.7268	  1.0000
  2.2327	  1.3624	  0.0204	 -2.7441	  1.0000
  2.3570	  1.3624	  0.3495	 -2.5879	  0.0000
  2.4814	  1.3624	  0.0874	 -2.9482	  0.0000
  2.6057	  1.3624	  0.0098	 -2.9526	  0.0000
  2.7300	  1.3624	 -0.0748	 -2.5601	  1.0000
  2.8543	  1.3624	  0.2460	 -2.2629	  0.0000
  2.9787	  1.3624	  0.1987	 -2.2729	  0.0000
  3.1030	  1.3624	  0.2036	 -2.3823	  0.0000
  3.2273	  1.3624	  0.0598	 -2.5431	  0.0000
  3.3516	  1.3624	 -0.0394	 -2.6132	  0.0000
  3.4760	  1.3624	 -0.1383	 -2.6216	  0.0000
  3.6003	  1.3624	 -0.2381	 -2.6497	  1.0000
  3.7246	  1.3624	 -0.2351	 -2.6629	  0.0000
  3.8489	  1.3624	 -0.2475	 -2.6667	  0.0000
  3.9733	  1.3624	 -0.3369	 -2.6701	  0.0000
  4.0976	  1.3624	 -0.3753	 -2.6396	  0.0000
  4.2219	  1.3624	 -0.2883	 -2.5806	  0.0000
  4.3462	  1.3624	 -0.2186	 -2.6295	  0.0000
  4.4706	  1.3624	 -0.1618	 -2.7414	  0.0000
  4.5949	  1.3624	 -0.2401	 -2.7689	  0.0000
  4.7192	  1.3624	 -0.2009	 -2.7467	  0.0000
  4.8436	  1.3624	 -0.1947	 -2.7713	  0.0000
  4.9679	  1.3624	 -0.1372	 -2.2907	  0.0000
  5.0922	  1.3624	 -0.1011	 -2.2666	  0.0000
  0.1191	  1.2381	  0.6316	 -2.3627	  0.0000
  0.2435	  1.2381	  0.4052	 -2.4299	  0.0000
  0.3678	  1.2381	  0.0078	 -2.6128	  0.0000
  0.4921	  1.2381	 -0.1186	 -2.6402	  0.0000
  0.6165	  1.2381	  0.0264	 -2.8478	  0.0000
  0.7408	  1.2381	 -0.1942	 -2.9598	  0.0000
  0.8651	  1.2381	  0.0687	 -2.7345	  1.0000
  0.9894	  1.2381	 -0.2857	 -2.7423	  0.0000
  1.1138	  1.2381	 -0.1546	 -2.6307	  0.0000
  1.2381	  1.2381	  0.1514	 -2.6760	  1.0000
  1.3624	  1.2381	  0.1494	 -2.6495	  1.0000
  1.4867	  1.2381	  0.1516	 -2.3151	  0.0000
  1.6111	  1.2381	  0.2217	 -2.3758	  0.0000
  1.7354	  1.2381	  0.3677	 -2.7145	  0.0000
  1.8597	  1.2381	  0.0423	 -2.6485	  1.0000
  1.9840	  1.2381	  0.0653	 -2.7322	  1.0000
  2.1084	  1.2381	  0.0904	 -2.7082	  0.0000
  2.2327	  1.2381	  0.0805	 -2.5476	  0.0000
  2.3570	  1.2381	  0.3274	 -2.5592	  0.0000
  2.4814	  1.2381	  0.1034	 -2.8183	  0.0000
  2.6057	  1.2381	 -0.0133	 -2.7931	  0.0000
  2.7300	  1.2381	  0.1109	 -2.2449	  0.0000
  2.8543	  1.2381	  0.0952	 -2.1780	  0.0000
  2.9787	  1.2381	  0.0492	 -2.1786	  0.0000
  3.1030	  1.2381	 -0.1178	 -2.3202	  0.0000
  3.2273	  1.2381	 -0.0386	 -2.5640	  0.0000
  3.3516	  1.2381	  0.0672	 -2.6332	  0.0000
  3.4760	  1.2381	  0.0433	 -2.6741	  0.0000
  3.6003	  1.2381	 -0.0820	 -2.6783	  0.0000
  3.7246	  1.2381	 -0.1393	 -2.5636	  0.0000
  3.8489	  1.2381	 -0.1609	 -2.5578	  0.0000
  3.9733	  1.2381	 -0.1701	 -2.5491	  0.0000
  4.0976	  1.2381	 -0.0847	 -2.6177	  0.0000
  4.2219	  1.2381	 -0.1726	 -2.6534	  0.0000
  4.3462	  1.2381	 -0.1858	 -2.6839	  0.0000
  4.4706	  1.2381	 -0.1282	 -2.7516	  0.0000
  4.5949	  1.2381	 -0.0801	 -2.7287	  0.0000
  4.7192	  1.2381	 -0.0636	 -2.7419	  0.0000
  4.8436	  1.2381	 -0.0498	 -2.7737	  0.0000
  4.9679	  1.2381	  0.0219	 -2.1706	  0.0000
  5.0922	  1.2381	 -0.0709	 -2.2357	  0.0000
  0.1191	  1.1138	  0.7192	 -2.7648	  0.0000
  0.2435	  1.1138	  0.5860	 -2.7223	  0.0000
  0.3678	  1.1138	  0.2936	 -2.7728	  0.0000
  0.4921	  1.1138	 -0.1207	 -2.8089	  0.0000
  0.6165	  1.1138	  0.1471	 -2.7436	  1.0000
  0.7408	  1.1138	 -0.0546	 -2.9439	  0.0000
  0.8651	  1.1138	 -0.2155	 -2.9529	  0.0000
  0.9894	  1.1138	  0.2525	 -2.7231	  0.0000
  1.1138	  1.1138	  0.3200	 -2.5175	  0.0000
  1.2381	  1.1138	  0.4235	 -2.5804	  0.0000
  1.3624	  1.1138	  0.5192	 -2.5636	  0.0000
  1.4867	  1.1138	  0.4763	 -2.2894	  0.0000
  1.6111	  1.1138	  0.3985	 -2.3583	  0.0000
  1.7354	  1.1138	  0.3767	 -2.6182	  0.0000
  1.8597	  1.1138	  0.3774	 -2.7899	  0.0000
  1.9840	  1.1138	  0.0426	 -2.6955	  1.0000
  2.1084	  1.1138	  0.1551	 -2.5894	  0.0000
  2.2327	  1.1138	  0.1251	 -2.5168	  0.0000
  2.3570	  1.1138	  0.0816	 -2.7145	  0.0000
  2.4814	  1.1138	 -0.0814	 -2.6984	  0.0000
  2.6057	  1.1138	 -0.1285	 -2.6090	  0.0000
  2.7300	  1.1138	 -0.2310	 -2.1718	  0.0000
  2.8543	  1.1138	 -0.2736	 -2.1468	  0.0000
  2.9787	  1.1138	 -0.3267	 -2.2268	  0.0000
  3.1030	  1.1138	 -0.4258	 -2.3665	  0.0000
  3.2273	  1.1138	 -0.1128	 -2.4969	  1.0000
  3.3516	  1.1138	 -0.0185	 -2.6380	  0.0000
  3.4760	  1.1138	 -0.0318	 -2.7454	  0.0000
  3.6003	  1.1138	 -0.2709	 -2.7546	  0.0000
  3.7246	  1.1138	 -0.4262	 -2.6148	  0.0000
  3.8489	  1.1138	 -0.3744	 -2.5949	  0.0000
  3.9733	  1.1138	 -0.2349	 -2.6089	  1.0000
  4.0976	  1.1138	 -0.1868	 -2.6096	  1.0000
  4.2219	  1.1138	 -0.0336	 -2.6417	  0.0000
  4.3462	  1.1138	 -0.0646	 -2.6711	  0.0000
  4.4706	  1.1138	 -0.0015	 -2.6582	  0.0000
  4.5949	  1.1138	  0.0558	 -2.5879	  0.0000
  4.7192	  1.1138	  0.0091	 -2.6815	  0.0000
  4.8436	  1.1138	 -0.0901	 -2.7576	  0.0000
  4.9679	  1.1138	 -0.1019	 -2.4234	  0.0000
  5.0922	  1.1138	 -0.0659	 -2.5126	  1.0000
  0.1191	  0.9894	  0.5785	 -2.7893	  0.0000
  0.2435	  0.9894	  0.5801	 -2.7768	  0.0000
  0.3678	  0.9894	  0.5124	 -2.8215	  0.0000
  0.4921	  0.9894	  0.2116	 -3.0203	  0.0000
  0.6165	  0.9894	  0.3227	 -2.8465	  0.0000
  0.7408	  0.9894	  0.4111	 -2.8068	  0.0000
  0.8651	  0.9894	  0.4091	 -2.7629	  0.0000
  0.9894	  0.9894	  0.4880	 -2.5061	  0.0000
  1.1138	  0.9894	  0.5503	 -2.4895	  0.0000
  1.2381	  0.9894	  0.5109	 -2.4530	  0.0000
  1.3624	  0.9894	  0.5171	 -2.4441	  0.0000
  1.4867	  0.9894	  0.5477	 -2.4330	  0.0000
  1.6111	  0.9894	  0.3401	 -2.4213	  0.0000
  1.7354	  0.9894	  0.1097	 -2.6239	  0.0000
  1.8597	  0.9894	  0.0972	 -2.6646	  0.0000
  1.9840	  0.9894	  0.0224	 -2.6499	  0.0000
  2.1084	  0.9894	  0.0289	 -2.5565	  0.0000
  2.2327	  0.9894	  0.0823	 -2.7929	  0.0000
  2.3570	  0.9894	 -0.1335	 -2.8153	  0.0000
  2.4814	  0.9894	 -0.2013	 -2.6378	  0.0000
  2.6057	  0.9894	 -0.3251	 -2.5469	  0.0000
  2.7300	  0.9894	 -0.4199	 -2.4338	  0.0000
  2.8543	  0.9894	 -0.2005	 -2.4497	  1.0000
  2.9787	  0.9894	 -0.3608	 -2.3900	  0.0000
  3.1030	  0.9894	 -0.3113	 -2.3994	  0.0000
  3.2273	  0.9894	 -0.2890	 -2.3134	  0.0000
  3.3516	  0.9894	 -0.1538	 -2.5706	  1.0000
  3.4760	  0.9894	 -0.4040	 -2.7531	  0.0000
  3.6003	  0.9894	 -0.4174	 -2.7509	  0.0000
  3.7246	  0.9894	 -0.4630	 -2.6118	  0.0000
  3.8489	  0.9894	 -0.3455	 -2.6673	  0.0000
  3.9733	  0.9894	 -0.1470	 -2.5757	  0.0000
  4.0976	  0.9894	 -0.2938	 -2.6311	  0.0000
  4.2219	  0.9894	 -0.1038	 -2.6547	  0.0000
  4.3462	  0.9894	 -0.0195	 -2.5921	  0.0000
  4.4706	  0.9894	  0.0530	 -2.5760	  0.0000
  4.5949	  0.9894	  0.0203	 -2.5463	  0.0000
  4.7192	  0.9894	 -0.0527	 -2.5897	  0.0000
  4.8436	  0.9894	 -0.0659	 -2.6057	  0.0000
  4.9679	  0.9894	 -0.0705	 -2.5048	  0.0000
  5.0922	  0.9894	 -0.1338	 -2.5445	  0.0000
  0.1191	  0.8651	  0.5630	 -2.7248	  1.0000
  0.2435	  0.8651	  0.5084	 -2.7436	  0.0000
  0.3678	  0.8651	  0.3737	 -2.7308	  0.0000
  0.4921	  0.8651	  0.3313	 -2.8040	  0.0000
  0.6165	  0.8651	  0.4138	 -2.7965	  0.0000
  0.7408	  0.8651	  0.4431	 -2.7273	  0.0000
  0.8651	  0.8651	  0.4132	 -2.5559	  0.0000
  0.9894	  0.8651	  0.4067	 -2.3090	  0.0000
  1.1138	  0.8651	  0.2233	 -2.5095	  0.0000
  1.2381	  0.8651	  0.2048	 -2.4267	  0.0000
  1.3624	  0.8651	  0.2659	 -2.3587	  0.0000
  1.4867	  0.8651	  0.4426	 -2.4783	  0.0000
  1.6111	  0.8651	  0.3005	 -2.4628	  0.0000
  1.7354	  0.8651	  0.1256	 -2.6207	  0.0000
  1.8597	  0.8651	  0.0468	 -2.7189	  0.0000
  1.9840	  0.8651	 -0.0469	 -2.6881	  0.0000
  2.1084	  0.8651	 -0.2055	 -2.5701	  0.0000
  2.2327	  0.8651	 -0.2417	 -2.6847	  0.0000
  2.3570	  0.8651	 -0.1730	 -2.7392	  0.0000
  2.4814	  0.8651	 -0.2807	 -2.6680	  0.0000
  2.6057	  0.8651	 -0.3684	 -2.5585	  0.0000
  2.7300	  0.8651	 -0.2958	 -2.5133	  0.0000
  2.8543	  0.8651	 -0.2169	 -2.4268	  0.0000
  2.9787	  0.8651	 -0.2300	 -2.4224	  0.0000
  3.1030	  0.8651	 -0.2122	 -2.4505	  0.0000
  3.2273	  0.8651	 -0.2144	 -2.3898	  0.0000
  3.3516	  0.8651	 -0.2309	 -2.5714	  1.0000
  3.4760	  0.8651	 -0.1691	 -2.6967	  0.0000
  3.6003	  0.8651	 -0.0907	 -2.6526	  0.0000
  3.7246	  0.8651	 -0.2125	 -2.4348	  0.0000
  3.8489	  0.8651	 -0.1811	 -2.5337	  0.0000
  3.9733	  0.8651	 -0.1922	 -2.6303	  0.0000
  4.0976	  0.8651	 -0.2964	 -2.6574	  0.0000
  4.2219	  0.8651	 -0.1583	 -2.6094	  0.0000
  4.3462	  0.8651	 -0.0610	 -2.4990	  0.0000
  4.4706	  0.8651	 -0.0438	 -2.5129	  0.0000
  4.5949	  0.8651	 -0.0935	 -2.4998	  0.0000
  4.7192	  0.8651	 -0.1276	 -2.4996	  0.0000
  4.8436	  0.8651	 -0.0471	 -2.4894	  0.0000
  4.9679	  0.8651	  0.0162	 -2.4947	  0.0000
  5.0922	  0.8651	 -0.0497	 -2.5566	  0.0000
  0.1191	  0.7408	  0.9574	 -2.5526	  0.0000
  0.2435	  0.7408	  0.7798	 -2.6409	  0.0000
  0.3678	  0.7408	  0.3857	 -2.7489	  0.0000
  0.4921	  0.7408	  0.3169	 -2.6991	  0.0000
  0.6165	  0.7408	  0.4189	 -2.7043	  0.0000
  0.7408	  0.7408	  0.4013	 -2.6505	  1.0000
  0.8651	  0.7408	  0.2846	 -2.4563	  0.0000
  0.9894	  0.7408	  0.4750	 -2.3087	  0.0000
  1.1138	  0.7408	  0.1898	 -2.4707	  0.0000
  1.2381	  0.7408	  0.0656	 -2.4676	  0.0000
  1.3624	  0.7408	  0.1274	 -2.4507	  0.0000
  1.4867	  0.7408	  0.3520	 -2.5014	  0.0000
  1.6111	  0.7408	  0.2245	 -2.5725	  0.0000
  1.7354	  0.7408	  0.1734	 -2.5702	  0.0000
  1.8597	  0.7408	  0.0799	 -2.5169	  1.0000
  1.9840	  0.7408	  0.0369	 -2.5126	  1.0000
  2.1084	  0.7408	  0.0436	 -2.5629	  0.0000
  2.2327	  0.7408	 -0.0522	 -2.4216	  0.0000
  2.3570	  0.7408	  0.0087	 -2.5201	  0.0000
  2.4814	  0.7408	 -0.1075	 -2.7472	  0.0000
  2.6057	  0.7408	 -0.2964	 -2.6085	  0.0000
  2.7300	  0.7408	 -0.2122	 -2.5664	  0.0000
  2.8543	  0.7408	 -0.1753	 -2.5529	  0.0000
  2.9787	  0.7408	 -0.2828	 -2.5628	  0.0000
  3.1030	  0.7408	 -0.2280	 -2.6023	  0.0000
  3.2273	  0.7408	 -0.2300	 -2.5781	  0.0000
  3.3516	  0.7408	 -0.1036	 -2.5036	  0.0000
  3.4760	  0.7408	 -0.1307	 -2.5575	  0.0000
  3.6003	  0.7408	 -0.1501	 -2.6026	  0.0000
  3.7246	  0.7408	 -0.1878	 -2.5304	  0.0000
  3.8489	  0.7408	 -0.2137	 -2.5169	  0.0000
  3.9733	  0.7408	 -0.1720	 -2.5988	  0.0000
  4.0976	  0.7408	 -0.1359	 -2.5845	  0.0000
  4.2219	  0.7408	 -0.0757	 -2.5275	  0.0000
  4.3462	  0.7408	 -0.0661	 -2.5042	  0.0000
  4.4706	  0.7408	 -0.1341	 -2.5417	  0.0000
  4.5949	  0.7408	 -0.1766	 -2.4673	  0.0000
  4.7192	  0.7408	 -0.1007	 -2.4053	  0.0000
  4.8436	  0.7408	 -0.0250	 -2.4314	  0.0000
  4.9679	  0.7408	  0.0510	 -2.4291	  0.0000
  5.0922	  0.7408	 -0.0254	 -2.5755	  0.0000
  0.1191	  0.6165	  0.4625	 -2.8244	  1.0000
  0.2435	  0.6165	  0.8477	 -2.6266	  0.0000
  0.3678	  0.6165	  0.5188	 -2.6888	  1.0000
  0.4921	  0.6165	  0.3907	 -2.7594	  0.0000
  0.6165	  0.6165	  0.4074	 -2.6699	  1.0000
  0.7408	  0.6165	  0.4054	 -2.5866	  1.0000
  0.8651	  0.6165	  0.3814	 -2.5510	  1.0000
  0.9894	  0.6165	  0.3888	 -2.4527	  0.0000
  1.1138	  0.6165	  0.1982	 -2.4780	  0.0000
  1.2381	  0.6165	  0.0273	 -2.5326	  0.0000
  1.3624	  0.6165	 -0.0226	 -2.5426	  0.0000
  1.4867	  0.6165	  0.0208	 -2.4543	  0.0000
  1.6111	  0.6165	  0.0697	 -2.4537	  0.0000
  1.7354	  0.6165	  0.0760	 -2.3777	  0.0000
  1.8597	  0.6165	  0.0417	 -2.3482	  0.0000
  1.9840	  0.6165	  0.1182	 -2.5579	  0.0000
  2.1084	  0.6165	  0.1606	 -2.5482	  0.0000
  2.2327	  0.6165	  0.0719	 -2.3131	  0.0000
  2.3570	  0.6165	  0.0408	 -2.4536	  0.0000
  2.4814	  0.6165	  0.0634	 -2.7648	  0.0000
  2.6057	  0.6165	 -0.1487	 -2.6533	  0.0000
  2.7300	  0.6165	  0.0153	 -2.5682	  0.0000
  2.8543	  0.6165	  0.0439	 -2.6176	  0.0000
  2.9787	  0.6165	 -0.0289	 -2.6556	  0.0000
  3.1030	  0.6165	 -0.0669	 -2.5509	  0.0000
  3.2273	  0.6165	 -0.1744	 -2.5167	  0.0000
  3.3516	  0.6165	 -0.1521	 -2.4580	  0.0000
  3.4760	  0.6165	 -0.2004	 -2.4999	  0.0000
  3.6003	  0.6165	 -0.2511	 -2.6535	  0.0000
  3.7246	  0.6165	 -0.2218	 -2.7587	  0.0000
  3.8489	  0.6165	 -0.2868	 -2.6981	  0.0000
  3.9733	  0.6165	 -0.2611	 -2.5673	  0.0000
  4.0976	  0.6165	 -0.1889	 -2.5576	  0.0000
  4.2219	  0.6165	 -0.1768	 -2.5497	  0.0000
  4.3462	  0.6165	 -0.1513	 -2.5608	  0.0000
  4.4706	  0.6165	 -0.1370	 -2.5170	  0.0000
  4.5949	  0.6165	 -0.0191	 -2.3740	  0.0000
  4.7192	  0.6165	  0.1049	 -2.3996	  0.0000
  4.8436	  0.6165	  0.1515	 -2.4633	  0.0000
  4.9679	  0.6165	  0.1873	 -2.3810	  0.0000
  5.0922	  0.6165	  0.0084	 -2.5390	  0.0000
  0.1191	  0.4921	  0.8277	 -2.6342	  0.0000
  0.2435	  0.4921	  0.4410	 -2.9462	  0.0000
  0.3678	  0.4921	  0.4172	 -2.9339	  0.0000
  0.4921	  0.4921	  0.4208	 -2.6702	  0.0000
  0.6165	  0.4921	  0.5174	 -2.5053	  0.0000
  0.7408	  0.4921	  0.6256	 -2.4327	  0.0000
  0.8651	  0.4921	  0.4883	 -2.5918	  0.0000
  0.9894	  0.4921	  0.4295	 -2.6062	  0.0000
  1.1138	  0.4921	  0.1298	 -2.6183	  0.0000
  1.2381	  0.4921	 -0.0713	 -2.5962	  0.0000
  1.3624	  0.4921	 -0.0996	 -2.5862	  0.0000
  1.4867	  0.4921	 -0.0139	 -2.4343	  0.0000
  1.6111	  0.4921	  0.0510	 -2.4452	  0.0000
  1.7354	  0.4921	  0.0149	 -2.3481	  0.0000
  1.8597	  0.4921	  0.0962	 -2.3180	  0.0000
  1.9840	  0.4921	  0.0373	 -2.4722	  0.0000
  2.1084	  0.4921	  0.0761	 -2.4735	  0.0000
  2.2327	  0.4921	  0.0091	 -2.2429	  0.0000
  2.3570	  0.4921	 -0.0514	 -2.3970	  0.0000
  2.4814	  0.4921	  0.0680	 -2.5180	  0.0000
  2.6057	  0.4921	  0.1479	 -2.4440	  0.0000
  2.7300	  0.4921	  0.2119	 -2.4913	  0.0000
  2.8543	  0.4921	  0.1200	 -2.5779	  0.0000
  2.9787	  0.4921	  0.0047	 -2.6089	  0.0000
  3.1030	  0.4921	 -0.1755	 -2.4303	  0.0000
  3.2273	  0.4921	 -0.2484	 -2.4260	  0.0000
  3.3516	  0.4921	 -0.1836	 -2.4659	  0.0000
  3.4760	  0.4921	 -0.1921	 -2.4762	  0.0000
  3.6003	  0.4921	 -0.2953	 -2.7113	  0.0000
  3.7246	  0.4921	 -0.2659	 -2.7521	  0.0000
  3.8489	  0.4921	 -0.2645	 -2.6806	  0.0000
  3.9733	  0.4921	 -0.3061	 -2.6597	  0.0000
  4.0976	  0.4921	 -0.3058	 -2.6712	  0.0000
  4.2219	  0.4921	 -0.3202	 -2.6603	  0.0000
  4.3462	  0.4921	 -0.2658	 -2.5172	  0.0000
  4.4706	  0.4921	 -0.0760	 -2.3821	  0.0000
  4.5949	  0.4921	  0.0591	 -2.3827	  0.0000
  4.7192	  0.4921	  0.1695	 -2.4780	  0.0000
  4.8436	  0.4921	  0.1959	 -2.5455	  0.0000
  4.9679	  0.4921	  0.3259	 -2.5494	  0.0000
  5.0922	  0.4921	  0.2769	 -2.6326	  0.0000
  0.1191	  0.3678	  0.7472	 -2.7355	  0.0000
  0.2435	  0.3678	  0.4053	 -2.9040	  0.0000
  0.3678	  0.3678	  0.3889	 -2.9468	  0.0000
  0.4921	  0.3678	  0.2624	 -2.5786	  0.0000
  0.6165	  0.3678	  0.3892	 -2.3810	  0.0000
  0.7408	  0.3678	  0.4863	 -2.4770	  0.0000
  0.8651	  0.3678	  0.4794	 -2.7150	  0.0000
  0.9894	  0.3678	  0.4395	 -2.7029	  0.0000
  1.1138	  0.3678	  0.1129	 -2.6155	  0.0000
  1.2381	  0.3678	 -0.0755	 -2.5892	  0.0000
  1.3624	  0.3678	 -0.1033	 -2.6278	  0.0000
  1.4867	  0.3678	 -0.0004	 -2.5254	  0.0000
  1.6111	  0.3678	 -0.0236	 -2.5021	  0.0000
  1.7354	  0.3678	  0.0573	 -2.3234	  0.0000
  1.8597	  0.3678	  0.1020	 -2.2626	  0.0000
  1.9840	  0.3678	  0.3370	 -2.2580	  0.0000
  2.1084	  0.3678	  0.3675	 -2.3887	  0.0000
  2.2327	  0.3678	  0.2046	 -2.3608	  0.0000
  2.3570	  0.3678	  0.0847	 -2.4412	  0.0000
  2.4814	  0.3678	 -0.0847	 -2.4945	  0.0000
  2.6057	  0.3678	  0.1083	 -2.4138	  0.0000
  2.7300	  0.3678	  0.1767	 -2.4848	  0.0000
  2.8543	  0.3678	  0.1203	 -2.4916	  0.0000
  2.9787	  0.3678	 -0.0703	 -2.4749	  0.0000
  3.1030	  0.3678	 -0.2715	 -2.4748	  0.0000
  3.2273	  0.3678	 -0.3273	 -2.5128	  0.0000
  3.3516	  0.3678	 -0.1862	 -2.4988	  0.0000
  3.4760	  0.3678	 -0.1724	 -2.5652	  0.0000
  3.6003	  0.3678	 -0.2726	 -2.7259	  0.0000
  3.7246	  0.3678	 -0.2522	 -2.6389	  0.0000
  3.8489	  0.3678	 -0.1457	 -2.6334	  0.0000
  3.9733	  0.3678	 -0.1846	 -2.7340	  0.0000
  4.0976	  0.3678	 -0.2519	 -2.8094	  0.0000
  4.2219	  0.3678	 -0.1628	 -2.7229	  0.0000
  4.3462	  0.3678	 -0.1118	 -2.6767	  0.0000
  4.4706	  0.3678	 -0.0872	 -2.6034	  0.0000
  4.5949	  0.3678	 -0.0100	 -2.5356	  0.0000
  4.7192	  0.3678	  0.1075	 -2.6216	  0.0000
  4.8436	  0.3678	  0.1733	 -2.6938	  0.0000
  4.9679	  0.3678	  0.3469	 -2.7360	  0.0000
  5.0922	  0.3678	  0.3739	 -2.7268	  0.0000
  0.1191	  0.2435	  0.5002	 -2.7087	  0.0000
  0.2435	  0.2435	  0.3857	 -2.9536	  0.0000
  0.3678	  0.2435	  0.3337	 -2.8774	  0.0000
  0.4921	  0.2435	  0.0402	 -2.5953	  0.0000
  0.6165	  0.2435	 -0.1389	 -2.3773	  0.0000
  0.7408	  0.2435	  0.0278	 -2.4439	  0.0000
  0.8651	  0.2435	  0.4449	 -2.8690	  0.0000
  0.9894	  0.2435	  0.2236	 -3.0173	  0.0000
  1.1138	  0.2435	  0.1259	 -2.6352	  0.0000
  1.2381	  0.2435	  0.0566	 -2.5733	  0.0000
  1.3624	  0.2435	  0.0837	 -2.7916	  0.0000
  1.4867	  0.2435	  0.0126	 -2.6650	  0.0000
  1.6111	  0.2435	 -0.0182	 -2.5113	  0.0000
  1.7354	  0.2435	 -0.0350	 -2.4107	  0.0000
  1.8597	  0.2435	  0.1086	 -2.2179	  0.0000
  1.9840	  0.2435	  0.3983	 -2.2187	  0.0000
  2.1084	  0.2435	  0.3637	 -2.4432	  0.0000
  2.2327	  0.2435	  0.3158	 -2.4972	  0.0000
  2.3570	  0.2435	  0.2716	 -2.5264	  0.0000
  2.4814	  0.2435	 -0.0030	 -2.3821	  0.0000
  2.6057	  0.2435	  0.0281	 -2.3552	  0.0000
  2.7300	  0.2435	 -0.0451	 -2.5234	  0.0000
  2.8543	  0.2435	 -0.1432	 -2.6129	  0.0000
  2.9787	  0.2435	 -0.1999	 -2.4927	  0.0000
  3.1030	  0.2435	 -0.2242	 -2.4984	  0.0000
  3.2273	  0.2435	 -0.1518	 -2.5325	  1.0000
  3.3516	  0.2435	 -0.1144	 -2.5911	  0.0000
  3.4760	  0.2435	 -0.1240	 -2.6012	  0.0000
  3.6003	  0.2435	 -0.2650	 -2.6512	  0.0000
  3.7246	  0.2435	 -0.2298	 -2.6237	  0.0000
  3.8489	  0.2435	 -0.1630	 -2.5951	  0.0000
  3.9733	  0.2435	 -0.1667	 -2.8358	  0.0000
  4.0976	  0.2435	 -0.0899	 -2.8622	  0.0000
  4.2219	  0.2435	 -0.0967	 -2.7612	  0.0000
  4.3462	  0.2435	 -0.0418	 -2.7292	  0.0000
  4.4706	  0.2435	 -0.0696	 -2.7278	  0.0000
  4.5949	  0.2435	 -0.0431	 -2.6705	  0.0000
  4.7192	  0.2435	  0.0385	 -2.6812	  0.0000
  4.8436	  0.2435	  0.1475	 -2.6914	  0.0000
  4.9679	  0.2435	  0.2687	 -2.8059	  0.0000
  5.0922	  0.2435	  0.3498	 -2.8023	  0.0000
  0.1191	  0.1191	  0.4729	 -2.6838	  0.0000
  0.2435	  0.1191	  0.2606	 -2.9225	  0.0000
  0.3678	  0.1191	  0.2282	 -2.8773	  0.0000
  0.4921	  0.1191	 -0.0155	 -2.5914	  0.0000
  0.6165	  0.1191	 -0.1172	 -2.2860	  0.0000
  0.7408	  0.1191	 -0.0745	 -2.3819	  0.0000
  0.8651	  0.1191	  0.3926	 -2.8262	  0.0000
  0.9894	  0.1191	  0.1133	 -2.9139	  0.0000
  1.1138	  0.1191	  0.1414	 -2.6936	  0.0000
  1.2381	  0.1191	  0.1370	 -2.5790	  0.0000
  1.3624	  0.1191	  0.0676	 -2.7849	  0.0000
  1.4867	  0.1191	  0.0211	 -2.7056	  0.0000
  1.6111	  0.1191	  0.0692	 -2.5456	  0.0000
  1.7354	  0.1191	  0.0159	 -2.4372	  0.0000
  1.8597	  0.1191	  0.0578	 -2.3016	  0.0000
  1.9840	  0.1191	  0.0272	 -2.2305	  0.0000
  2.1084	  0.1191	  0.1769	 -2.4606	  0.0000
  2.2327	  0.1191	  0.2805	 -2.5309	  0.0000
  2.3570	  0.1191	  0.3344	 -2.5211	  0.0000
  2.4814	  0.1191	  0.0474	 -2.3629	  0.0000
  2.6057	  0.1191	 -0.0448	 -2.3637	  0.0000
  2.7300	  0.1191	 -0.1569	 -2.5333	  0.0000
  2.8543	  0.1191	 -0.2613	 -2.5746	  0.0000
  2.9787	  0.1191	 -0.2124	 -2.5387	  0.0000
  3.1030	  0.1191	 -0.1491	 -2.5520	  0.0000
  3.2273	  0.1191	 -0.1423	 -2.6616	  0.0000
  3.3516	  0.1191	 -0.1155	 -2.6550	  0.0000
  3.4760	  0.1191	 -0.0981	 -2.6496	  0.0000
  3.6003	  0.1191	 -0.2285	 -2.7092	  0.0000
  3.7246	  0.1191	 -0.1431	 -2.7119	  0.0000
  3.8489	  0.1191	 -0.0800	 -2.7161	  0.0000
  3.9733	  0.1191	 -0.0975	 -2.8217	  0.0000
  4.0976	  0.1191	 -0.1408	 -2.7943	  0.0000
  4.2219	  0.1191	 -0.1072	 -2.7340	  0.0000
  4.3462	  0.1191	  0.0516	 -2.7310	  0.0000
  4.4706	  0.1191	  0.0096	 -2.7382	  0.0000
  4.5949	  0.1191	 -0.1183	 -2.7221	  0.0000
  4.7192	  0.1191	 -0.1294	 -2.7457	  0.0000
  4.8436	  0.1191	 -0.0370	 -2.6911	  0.0000
  4.9679	  0.1191	  0.0255	 -2.6529	  0.0000
  5.0922	  0.1191	  0.0536	 -2.6691	  0.0000
